Приоритетна област	Програма	Модул	Вид	Средства	Година
Ранно детско развитие	НП БЕЗ СВОБОДЕН ЧАС	Модул 2 - Без свободен час в детската градина	Национална програма	162250	2020
Ранно детско развитие	BG05M2ОP001-3.005-0004 Активно приобщаване в системата на предучилищното образование		Европейски програми и проекти	12992038.21	2020
Ранно детско развитие	BG05M20P001-3.001 Подкрепа за предучилищното образование и подготовка на деца в неравностойно положение		Европейски програми и проекти	61254.98	2020
Компетентности и таланти	НП СИСТЕМА ЗА НАЦИОНАЛНО СТАНДАРТИЗИРАНО ВЪНШНО ОЦЕНЯВАНЕ		Национална програма	5118244	2020
Компетентности и таланти	НП УЧЕНИЧЕСКИ ОЛИМПИАДИ И СЪСТЕЗАНИЯ	Модул 1 Национални и международни ученически олимпиади и състезания	Национална програма	1130095	2020
Компетентности и таланти	НП УЧЕНИЧЕСКИ ОЛИМПИАДИ И СЪСТЕЗАНИЯ	Модул 2 Осигуряване на обучение на талантливи ученици за участие в ученическите олимпиади	Национална програма	1408215	2020
Компетентности и таланти	НП ОСИГУРЯВАНЕ НА СЪВРЕМЕННА ОБРАЗОВАТЕЛНА СРЕДА	Модул Подобряване на условията за експериментална работа по природни науки	Национална програма	1204510	2020
Компетентности и таланти	НП ОСИГУРЯВАНЕ НА СЪВРЕМЕННА ОБРАЗОВАТЕЛНА СРЕДА	Модул Културните институции като образователна среда	Национална програма	476055	2020
Компетентности и таланти	НП ОСИГУРЯВАНЕ НА СЪВРЕМЕННА ОБРАЗОВАТЕЛНА СРЕДА	Модул Библиотеките като образователна среда	Национална програма	762308	2020
Компетентности и таланти	НП ОСИГУРЯВАНЕ НА СЪВРЕМЕННА ОБРАЗОВАТЕЛНА СРЕДА	Модул Площадки за обучение по безопасност на движението по пътищата	Национална програма	598863	2020
Компетентности и таланти	НП БИЗНЕСЪТ ПРЕПОДАВА		Национална програма	294981	2020
Компетентности и таланти	НП РАЗРАБОТВАНЕ НА УЧЕБНИ ПОМАГАЛА ЗА ОБУЧЕНИЕ ПО ОБЩООБРАЗОВАТЕЛНИ УЧЕБНИ ПРЕДМЕТИ НА ЧУЖД ЕЗИК, ОЦЕНЯВАНЕ И ОДОБРЯВАНЕ НА ПРОЕКТИ НА УЧЕБНИ ПОМАГАЛА ЗА ПОДПОМАГАНЕ НА ОБУЧЕНИЕТО, ОРГАНИЗИРАНО В ЧУЖБИНА, НА ПРОЕКТИ НА УЧЕБНИЦИ И НА ПРОЕКТИ НА УЧЕБНИ КОМПЛЕКТИ	Модул Разработване на учебни помагала за обучение по общообразователни предмети на чужд език	Национална програма	433178	2020
Компетентности и таланти	НП ПРЕДОСТАВЯНЕ НА СЪВРЕМЕННИ УСЛОВИЯ ЗА ПОДКРЕПА ЗА ЛИЧНОСТНО РАЗВИТИЕ НА ДЕЦАТА И УЧЕНИЦИТЕ В ИНСТИТУЦИИ В СИСТЕМАТА НА ПРЕДУЧИЛИЩНОТО И УЧИЛИЩНОТО ОБРАЗОВАНИЕ	 Модул А Подкрепа на децата и учениците за работата в ЦПЛР по чл. 49, ал. 1, т. 1 и ал. 4 от ЗПУО – центрове за развитие на интересите, способностите, компетентностите и изявата в областта на науките, технологиите, изкуствата и спорта и астрономически обсерватории и планетариуми	Национална програма	1279200	2020
Компетентности и таланти	НП ПРЕДОСТАВЯНЕ НА СЪВРЕМЕННИ УСЛОВИЯ ЗА ПОДКРЕПА ЗА ЛИЧНОСТНО РАЗВИТИЕ НА ДЕЦАТА И УЧЕНИЦИТЕ В ИНСТИТУЦИИ В СИСТЕМАТА НА ПРЕДУЧИЛИЩНОТО И УЧИЛИЩНОТО ОБРАЗОВАНИЕ	Модул Б Подкрепа на учениците за работата в ЦПЛР по чл. 49, ал. 3 от ЗПУО – ученически общежития, чиято дейност не се организира от училища	Национална програма	97334	2020
Компетентности и таланти	НП БЕЗ СВОБОДЕН ЧАС	Модул Без свободен час в училище	Национална програма	2159919	2020
Мотивирани и креативни учители	НП КВАЛИФИКАЦИЯ		Национална програма	766154	2020
Мотивирани и креативни учители	НП ОПТИМИЗИРАНЕ НА ВЪТРЕШНАТА СТРУКТУРА НА ПЕРСОНАЛА		Национална програма	79677829	2020
Мотивирани и креативни учители	НП МОТИВИРАНИ УЧИТЕЛИ	Модул 1 Дейности, насочени към нови за системата учители (със или без придобита професионална квалификация учител)	Национална програма	363487	2020
Мотивирани и креативни учители	НП МОТИВИРАНИ УЧИТЕЛИ	Модул 2 Дейности, насочени към придобиване на допълнителна професионална квалификация учител по… и ресурсни учители от заети в системата преподаватели	Национална програма	199200	2020
Мотивирани и креативни учители	НП МОТИВИРАНИ УЧИТЕЛИ	Модул 3 Действащи учители и специалисти с висше образование без досегашен преподавателски опит и/или квалификация, които демонстрират мотивация и нагласи за работа в предизвикателна среда, както и с ученици с ниски образователни резултати	Национална програма	160480	2020
Мотивирани и креативни учители	BG05M2OP001-2.010-0001 Квалификация за професионално развитие на педагогическите специалисти		Европейски програми и проекти	2174029	2020
Сплотени училищни общности и системна работа с родителите	НП УСПЯВАМЕ ЗАЕДНО	Модул 1 Хубаво е в детската градина	Национална програма	311544	2020
Сплотени училищни общности и системна работа с родителите	НП УСПЯВАМЕ ЗАЕДНО	Модул 2 Иновативна детска градина	Национална програма	158199	2020
Сплотени училищни общности и системна работа с родителите	НП УЧАСТВАЙ И ПРОМЕНЯЙ – РОДИТЕЛЯТ, АКТИВЕН ПАРТНЬОР В УЧИЛИЩНИЯ ЖИВОТ		Национална програма	498431	2020
Сплотени училищни общности и системна работа с родителите	НП ЗАЕДНО В ГРИЖАТА ЗА ВСЕКИ УЧЕНИК	Модул Осигуряване на условия за екипна работа на учителите от началния етап с детски учители и учители по учебни предмети от прогимназиалния етап	Национална програма	187565	2020
Ефективно включване, трайно приобщаване и образователна интеграция	НП СЪЗДАВАНЕ НА ДОСТЪПНА АРХИТЕКТУРНА СРЕДА И СИГУРНОСТ В УЧИЛИЩЕ	Модул Създаване на достъпна архитектурна среда	Национална програма	383991	2020
Ефективно включване, трайно приобщаване и образователна интеграция	НП СЪЗДАВАНЕ НА ДОСТЪПНА АРХИТЕКТУРНА СРЕДА И СИГУРНОСТ В УЧИЛИЩЕ	Модул Сигурност в училище	Национална програма	297952	2020
Ефективно включване, трайно приобщаване и образователна интеграция	НП ПОДПОМАГАНЕ НА ОБЩИНИТЕ ЗА РЕАЛИЗИРАНЕ НА ДЕЙНОСТИ ЗА ОБРАЗОВАТЕЛНА ДЕСЕГРЕГАЦИЯ И ПРЕВЕНЦИЯ ЗА НЕДОПУСКАНЕ НА ВТОРИЧНА СЕГРЕГАЦИЯ		Национална програма	196000	2020
Ефективно включване, трайно приобщаване и образователна интеграция	НП ПРЕДОСТАВЯНЕ НА СЪВРЕМЕННИ УСЛОВИЯ ЗА РАБОТА НА ДЕЦАТА И УЧЕНИЦИТЕ В ЦЕНТРОВЕ ЗА ПОДКРЕПА ЗА ЛИЧНОСТНО РАЗВИТИЕ		Национална програма	370903	2020
Ефективно включване, трайно приобщаване и образователна интеграция	НП РАЗРАБОТВАНЕ НА УЧЕБНИ ПОМАГАЛА И НА МЕТОДИЧЕСКИ РЪКОВОДСТВА, ОЦЕНЯВАНЕ И ОДОБРЯВАНЕ НА ПРОЕКТИ НА УЧЕБНИ ПОМАГАЛА ЗА ПОДПОМАГАНЕ НА ОБУЧЕНИЕТО, ОРГАНИЗИРАНО В ЧУЖБИНА, НА ПРОЕКТИ НА УЧЕБНИЦИ И НА ПРОЕКТИ НА УЧЕБНИ КОМПЛЕКТИ		Национална програма	1051159	2020
Ефективно включване, трайно приобщаване и образователна интеграция	НАЦИОНАЛНА ПРОГРАМА БЕЗ СВОБОДЕН ЧАС	 Модул 1 - Без свободен час в училище		2157682	2020
Ефективно включване, трайно приобщаване и образователна интеграция	НП ЗАЕДНО ЗА ВСЯКО ДЕТЕ		Национална програма	153928	2020
Ефективно включване, трайно приобщаване и образователна интеграция	BG05M2ОP001-2.011-0001 Подкрепа за успех		Европейски програми и проекти	48340894	2020
Ефективно включване, трайно приобщаване и образователна интеграция	BG05M2OP001-2.018 Социално-икономическа интеграция на уязвими групи. Интегрирани мерки за подобряване достъпа до образование – Компонент 1		Европейски програми и проекти	4702054.79	2020
Ефективно включване, трайно приобщаване и образователна интеграция	BG05M20P001-3.002 Образователна интеграция на учениците от етническите малцинства и/или търсещи или получили международна закрила		Европейски програми и проекти	337408.4	2020
Образователни иновации, дигитална трансформация и устойчиво развитие	НП ИНФОРМАЦИОННИ И КОМУНИКАЦИОННИ ТЕХНОЛОГИИ (ИКТ) В СИСТЕМАТА НА ПРЕДУЧИЛИЩНОТО И УЧИЛИЩНОТО ОБРАЗОВАНИЕ		Национална програма	17900555	2020
Образователни иновации, дигитална трансформация и устойчиво развитие	НП ИЗГРАЖДАНЕ НА УЧИЛИЩНА STEM СРЕДА		Национална програма	19732082	2020
Образователни иновации, дигитална трансформация и устойчиво развитие	НП ИНОВАЦИИ В ДЕЙСТВИЕ		Национална програма	1968760	2020
Образователни иновации, дигитална трансформация и устойчиво развитие	НП ОСИГУРЯВАНЕ НА СЪВРЕМЕННА ОБРАЗОВАТЕЛНА СРЕДА	Модул Подкрепа на целодневното обучевие на учениците	Национална програма	795164	2020
Образователни иновации, дигитална трансформация и устойчиво развитие	BG05M2ОP001-2.012-0001 Образование за утрешния ден		Европейски програми и проекти	20886466.25	2020
Реализация в професиите на настоящето и бъдещето	НП ПРЕДОСТАВЯНЕ НА СЪВРЕМЕННИ УСЛОВИЯ ЗА РАБОТА НА ДЕЦАТА И УЧЕНИЦИТЕ В ЦЕНТРОВЕ ЗА ПОДКРЕПА ЗА ЛИЧНОСТНО РАЗВИТИЕ	Модул В Кариерно ориентиране и консултиране на учениците чрез съвместни дейности на ЦПЛР по чл. 49, ал. 1, т. 2 от ЗПУО и училища	Национална програма	26889	2020
Реализация в професиите на настоящето и бъдещето	НП Разработване на учебни помагала за обучение по общообразователни учебни предмети на чужд език, оценяване и одобряване на проекти на учебни помагала за подпомагане на обучението, организирано в чужбина, на проекти на учебници и на проекти на учебни комплекти	МОДУЛ РАЗРАБОТВАНЕ И/ИЛИ АДАПТИРАНЕ НА УЧЕБНИ ПОМАГАЛА ЗА ПРОФЕСИОНАЛНО ОБРАЗОВАНИЕ И ОБУЧЕНИЕ	Национална програма	281621	2020
Реализация в професиите на настоящето и бъдещето	НП ОБУЧЕНИЕ ЗА ИТ КАРИЕРА		Национална програма	606000	2020
Реализация в професиите на настоящето и бъдещето	BG05M2OP001-2.014-0001 Подкрепа за дуалната система на обучение		Европейски програми и проекти	5166934.56	2020
Реализация в професиите на настоящето и бъдещето	BG05M2OP001-2.013 Студентски практики фаза 2		Европейски програми и проекти	14728101.75	2020
Учене през целия живот	BG05M2OP001-3.004 Ограмотяване на възрастни - фаза 1		Европейски програми и проекти	414196.03	2020
Ефикасно управление и участие в мрежи	НП РОДЕН ЕЗИК И КУЛТУРА ЗАД ГРАНИЦА		Национална програма	2054526	2020
Ранно детско развитие	НП БЕЗ СВОБОДЕН ЧАС	Модул 2 - Без свободен час в детската градина	Национална програма	187705	2019
Ранно детско развитие	BG05M2ОP001-3.005-0004 Активно приобщаване в системата на предучилищното образование		Европейски програми и проекти	216.03	2019
Ранно детско развитие	BG05M20P001-3.001Подкрепа за предучилищното образование и подготовка на деца в неравностойно положение		Европейски програми и проекти	647082.22	2019
Компетентности и таланти	НП СИСТЕМА ЗА НАЦИОНАЛНО СТАНДАРТИЗИРАНО ВЪНШНО ОЦЕНЯВАНЕ		Национална програма	3439411	2019
Компетентности и таланти	НП УЧЕНИЧЕСКИ ОЛИМПИАДИ И СЪСТЕЗАНИЯ	Модул 1 Национални и международни ученически олимпиади и състезания	Национална програма	1438667	2019
Компетентности и таланти	НП УЧЕНИЧЕСКИ ОЛИМПИАДИ И СЪСТЕЗАНИЯ	Модул Осигуряване на обучение на талантливи ученици за участие в ученическите олимпиади Модул 2	Национална програма	1489399	2019
Компетентности и таланти	НП ОСИГУРЯВАНЕ НА СЪВРЕМЕННА ОБРАЗОВАТЕЛНА СРЕДА	Модул Оценяване и одобряване на познавателни книжки, учебници и учебни комплекти	Национална програма	510218	2019
Компетентности и таланти	НП ОСИГУРЯВАНЕ НА СЪВРЕМЕННА ОБРАЗОВАТЕЛНА СРЕДА	Модул Подобряване на условията за експериментална работа по природни науки	Национална програма	1684802	2019
Компетентности и таланти	НП ОСИГУРЯВАНЕ НА СЪВРЕМЕННА ОБРАЗОВАТЕЛНА СРЕДА	Модул Културните институции като образователна среда	Национална програма	467957	2019
Компетентности и таланти	НП IT БИЗНЕСЪТ ПРЕПОДАВА		Национална програма	15036	2019
Компетентности и таланти	НП БЕЗ СВОБОДЕН ЧАС	Модул Без свободен час в училище	Национална програма	2600953	2019
Мотивирани и креативни учители	НП КВАЛИФИКАЦИЯ		Национална програма	818084	2019
Мотивирани и креативни учители	НП ОПТИМИЗИРАНЕ НА ВЪТРЕШНАТА СТРУКТУРА НА ПЕРСОНАЛА		Национална програма	63494573	2019
Мотивирани и креативни учители	НП МОТИВИРАНИ УЧИТЕЛИ		Национална програма	519620	2019
Мотивирани и креативни учители	BG05M2OP001-2.010-0001 Квалификация за професионално развитие на педагогическите специалисти		Европейски програми и проекти	4356702.55	2019
Сплотени училищни общности и системна работа с родителите	НП УСПЯВАМЕ ЗАЕДНО		Национална програма	280977	2019
Сплотени училищни общности и системна работа с родителите	НП ЗАЕДНО В ГРИЖАТА ЗА УЧЕНИКА	Модул Осигуряване на условия за системно проследяване на личните постижения на учениците чрез създаване на индивидуално портфолио	Национална програма	274736	2019
Сплотени училищни общности и системна работа с родителите	НП ЗАЕДНО В ГРИЖАТА ЗА УЧЕНИКА	Модул Осигуряване на условия за екипна работа на учителите от началния етап с детски учители и с учители по учебни предмети от прогимназиалния етап	Национална програма	141455	2019
Ефективно включване, трайно приобщаване и образователна интеграция	НП СЪЗДАВАНЕ НА ДОСТЪПНА АРХИТЕКТУРНА СРЕДА И СИГУРНОСТ В УЧИЛИЩЕ	Модул Създаване на достъпна архитектурна среда	Национална програма	681730	2019
Ефективно включване, трайно приобщаване и образователна интеграция	НП СЪЗДАВАНЕ НА ДОСТЪПНА АРХИТЕКТУРНА СРЕДА И СИГУРНОСТ В УЧИЛИЩЕ	Модул Сигурност в училище	Национална програма	523836	2019
Ефективно включване, трайно приобщаване и образователна интеграция	НП ПОДПОМАГАНЕ НА ОБЩИНИТЕ ЗА РЕАЛИЗИРАНЕ НА ДЕЙНОСТИ ЗА ОБРАЗОВАТЕЛНА ДЕСЕГРЕГАЦИЯ И ПРЕВЕНЦИЯ ЗА НЕДОПУСКАНЕ НА ВТОРИЧНА СЕГРЕГАЦИЯ		Национална програма	56700	2019
Ефективно включване, трайно приобщаване и образователна интеграция	НП ОСИГУРЯВАНЕ НА СЪВРЕМЕННА ОБРАЗОВАТЕЛНА СРЕДА	Модул Осигуряване на съвременна специализирана среда в центровете за специална образователна подкрепа чрез модернизиране на материалната база за предоставяне на подкрепа за личностно развитие на децата и учениците	Национална програма	1590000	2019
Ефективно включване, трайно приобщаване и образователна интеграция	НП ЗАЕДНО ЗА ВСЯКО ДЕТЕ		Национална програма	179514	2019
Ефективно включване, трайно приобщаване и образователна интеграция	BG05M2ОP001-2.011-0001 Подкрепа за успех		Европейски програми и проекти	45590043.5	2019
Ефективно включване, трайно приобщаване и образователна интеграция	BG05M2OP001-2.018 Социално-икономическа интеграция на уязвими групи. Интегрирани мерки за подобряване достъпа до образование – Компонент 1		Европейски програми и проекти	4161787.17	2019
Ефективно включване, трайно приобщаване и образователна интеграция	BG05M20P001-3.002 Образователна интеграция на учениците от етническите малцинства и/или търсещи или получили международна закрила		Европейски програми и проекти	2460755.34	2019
Ефективно включване, трайно приобщаване и образователна интеграция	BG05M20P001-3.001 Деца в неравностойно положение		Европейски програми и проекти	647082.22	2019
Образователни иновации, дигитална трансформация и устойчиво развитие	НП ИНФОРМАЦИОННИ И КОМУНИКАЦИОННИ ТЕХНОЛОГИИ (ИКТ) В СИСТЕМАТА НА ПРЕДУЧИЛИЩНОТО И УЧИЛИЩНОТО ОБРАЗОВАНИЕ		Национална програма	10934145	2019
Образователни иновации, дигитална трансформация и устойчиво развитие	НП ИНОВАЦИИ В ДЕЙСТВИЕ	Модул Мобилност за популяризиране и мултиплициране на добри иновации между иновативни училища, публични изяви и продукти представящи обмена на иновации	Национална програма	847350	2019
Образователни иновации, дигитална трансформация и устойчиво развитие	НП ИНОВАЦИИ В ДЕЙСТВИЕ	Модул Мобилност за популяризиране и мултиплициране на добри иновации на училища, които не са в Списъка на иновативните училища	Национална програма	518000	2019
Образователни иновации, дигитална трансформация и устойчиво развитие	НП ОСИГУРЯВАНЕ НА СЪВРЕМЕННА ОБРАЗОВАТЕЛНА СРЕДА	Модул Подкрепа на целодневното обучевие на учениците	Национална програма	792982	2019
Образователни иновации, дигитална трансформация и устойчиво развитие	BG05M2ОP001-2.012-0001 Образование за утрешния ден		Европейски програми и проекти	27539245	2019
Реализация в професиите на настоящето и бъдещето	НП ОСИГУРЯВАНЕ НА СЪВРЕМЕННА ОБРАЗОВАТЕЛНА СРЕДА	Модул Модернизиране на системата на професионалното образование	Национална програма	1702149	2019
Реализация в професиите на настоящето и бъдещето	НП ОБУЧЕНИЕ ЗА ИТ КАРИЕРА		Национална програма	770000	2019
Реализация в професиите на настоящето и бъдещето	BG05M2OP001-2.006-0001 Ученически практики - фаза 1		Европейски програми и проекти	1009060.42	2019
Реализация в професиите на настоящето и бъдещето	BG05M2OP001-2.002-0001 Студентски практики - фаза 1		Европейски програми и проекти	1692252.59	2019
Учене през целия живот	BG05M2OP001-3.004 Ограмотяване на възрастни - фаза 1		Европейски програми и проекти	6751699.85	2019
Ефикасно управление и участие в мрежи	НП РОДЕН ЕЗИК И КУЛТУРА ЗАД ГРАНИЦА		Национална програма	1608446	2019
Ранно детско развитие	НП БЕЗ СВОБОДЕН ЧАС	Модул 2 - Без свободен час в детската градина	Национална програма	131454	2018
Ранно детско развитие	BG05M20P001-3.003-0001Осигуряване на условия и ресурси за изграждане и развитие на подкрепяща среда в детските градини и училищата за осъществяване на включващо обучение – Фаза 1		Европейски програми и проекти	73206.26	2018
Компетентности и таланти	НП СИСТЕМА ЗА НАЦИОНАЛНО СТАНДАРТИЗИРАНО ВЪНШНО ОЦЕНЯВАНЕ		Национална програма	3730500	2018
Компетентности и таланти	НП УЧЕНИЧЕСКИ ОЛИМПИАДИ И СЪСТЕЗАНИЯ		Национална програма	1262248	2018
Компетентности и таланти	НП ОСИГУРЯВАНЕ НА СЪВРЕМЕННА ОБРАЗОВАТЕЛНА СРЕДА	Модул Оценяване и одобряване на познавателни книжки, учебници и учебни комплекти	Национална програма	571117	2018
Компетентности и таланти	НП ОСИГУРЯВАНЕ НА СЪВРЕМЕННА ОБРАЗОВАТЕЛНА СРЕДА	Модул Подобряване на условията за лабораторна и експериментална работа по природни науки	Национална програма	2000000	2018
Компетентности и таланти	НП ОСИГУРЯВАНЕ НА СЪВРЕМЕННА ОБРАЗОВАТЕЛНА СРЕДА	Модул Музеите като образователна среда	Национална програма	139659	2018
Компетентности и таланти	НП С ГРИЖА ЗА ВСЕКИ УЧЕНИК		Национална програма	1431493	2018
Компетентности и таланти	НП БЕЗ СВОБОДЕН ЧАС	Модул Без свободен час в училище	Национална програма	2270998	2018
Компетентности и таланти	BG05M2OP001-2.004-0001Развитие на способностите на учениците и повишаване на мотивацията им за учене чрез дейности, развиващи специфични знания, умения и компетентности (Твоят час) – Фаза 1		Европейски програми и проекти	66389388.02	2018
Мотивирани и креативни учители	НП КВАЛИФИКАЦИЯ		Национална програма	697939	2018
Мотивирани и креативни учители	НП ОПТИМИЗИРАНЕ НА ВЪТРЕШНАТА СТРУКТУРА НА ПЕРСОНАЛА		Национална програма	49289400	2018
Мотивирани и креативни учители	BG05M2OP001-2.010-0001 Квалификация за професионално развитие на педагогическите специалисти		Европейски програми и проекти	3982224	2018
Сплотени училищни общности и системна работа с родителите	НП РАЗВИТИЕ НА СИСТЕМАТА НА ПРЕДУЧИЛИЩНОТО ОБРАЗОВАНИЕ		Национална програма	523709	2018
Ефективно включване, трайно приобщаване и образователна интеграция	НП СЪЗДАВАНЕ НА ДОСТЪПНА АРХИТЕКТУРНА СРЕДА И СИГУРНОСТ В УЧИЛИЩЕ	Модул Създаване на достъпна архитектурна среда	Национална програма	636173	2018
Ефективно включване, трайно приобщаване и образователна интеграция	НП СЪЗДАВАНЕ НА ДОСТЪПНА АРХИТЕКТУРНА СРЕДА И СИГУРНОСТ В УЧИЛИЩЕ	Модул Сигурност в училище	Национална програма	37977	2018
Ефективно включване, трайно приобщаване и образователна интеграция	НП ОСИГУРЯВАНЕ НА СЪВРЕМЕННА ОБРАЗОВАТЕЛНА СРЕДА	Модул Осигуряване на ученически шкафчета	Национална програма	2892772	2018
Ефективно включване, трайно приобщаване и образователна интеграция	НП ЗАЕДНО ЗА ВСЯКО ДЕТЕ		Национална програма	11845	2018
Ефективно включване, трайно приобщаване и образователна интеграция	BG05M20P001-3.002 Образователна интеграция на учениците от етническите малцинства и/или търсещи или получили международна закрила		Европейски програми и проекти	5946440.77	2018
Ефективно включване, трайно приобщаване и образователна интеграция	BG05M20P001-3.001 Деца в неравностойно положение		Европейски програми и проекти	4256810.85	2018
Образователни иновации, дигитална трансформация и устойчиво развитие	НП ИНФОРМАЦИОННИ И КОМУНИКАЦИОННИ ТЕХНОЛОГИИ (ИКТ) В СИСТЕМАТА НА ПРЕДУЧИЛИЩНОТО И УЧИЛИЩНОТО ОБРАЗОВАНИЕ		Национална програма	7978677	2018
Образователни иновации, дигитална трансформация и устойчиво развитие	НП ОСИГУРЯВАНЕ НА СЪВРЕМЕННА ОБРАЗОВАТЕЛНА СРЕДА	Модул Подкрепа на целодневното обучевие на учениците	Национална програма	793337	2018
Реализация в професиите на настоящето и бъдещето	НП ОСИГУРЯВАНЕ НА СЪВРЕМЕННА ОБРАЗОВАТЕЛНА СРЕДА	Модул Модернизиране на системата на професионалното образование	Национална програма	1676031	2018
Реализация в професиите на настоящето и бъдещето	НП ОБУЧЕНИЕ ЗА ИТ КАРИЕРА		Национална програма	400000	2018
Реализация в професиите на настоящето и бъдещето	BG05M2OP001-2.006-0001 Ученически практики - фаза 1		Европейски програми и проекти	5139395.29	2018
Реализация в професиите на настоящето и бъдещето	BG05M2OP001-2.002-0001 Студентски практики - фаза 1		Европейски програми и проекти	12188818.14	2018
Реализация в професиите на настоящето и бъдещето	BG05M2OP001-2.003-0001 Студентски стипендии - фаза1		Европейски програми и проекти	3199774.36	2018
Учене през целия живот	BG05M2OP001-3.004 Ограмотяване на възрастни - фаза 1		Европейски програми и проекти	3800940	2018
Ефикасно управление и участие в мрежи	НП РОДЕН ЕЗИК И КУЛТУРА ЗАД ГРАНИЦА		Национална програма	1521428	2018
Ранно детско развитие	Средства в лв. от националния бюджет (без национални програми)		Бюджет	704455903	2018
Ранно детско развитие	Средства от ЕС и други международни проекти		Външен източник	5113344	2018
Компетентности и таланти	Средства в лв. от националния бюджет (без национални програми)		Бюджет	51709297	2018
Компетентности и таланти	Средства от ЕС и други международни проекти		Външен източник	2085500	2018
Мотивирани и креативни учители	Средства в лв. от националния бюджет (без национални програми)		Бюджет	1431219915	2018
Мотивирани и креативни учители	Средства от ЕС и други международни проекти		Външен източник	38031576	2018
Сплотени училищни общности и системна работа с родителите	Средства в лв. от националния бюджет (без национални програми)		Бюджет	305613	2018
Сплотени училищни общности и системна работа с родителите	Средства от ЕС и други международни проекти		Външен източник	0	2018
Ефективно включване, трайно приобщаване и образователна интеграция	Средства в лв. от националния бюджет (без национални програми)		Бюджет	360251959	2018
Ефективно включване, трайно приобщаване и образователна интеграция	Средства от ЕС и други международни проекти		Външен източник	112374350	2018
Образователни иновации, дигитална трансформация и устойчиво развитие	Средства в лв. от националния бюджет (без национални програми)		Бюджет	49630555	2018
Образователни иновации, дигитална трансформация и устойчиво развитие	Средства от ЕС и други международни проекти		Външен източник	8163659	2018
Реализация в професиите на настоящето и бъдещето	Средства в лв. от националния бюджет (без национални програми)		Бюджет	63148624	2018
Реализация в професиите на настоящето и бъдещето	Средства от ЕС и други международни проекти		Външен източник	14765771	2018
Учене през целия живот	Средства в лв. от националния бюджет (без национални програми)		Бюджет	1948921	2018
Учене през целия живот	Средства от ЕС и други международни проекти		Външен източник	5829895	2018
Ефикасно управление и участие в мрежи	Средства в лв. от националния бюджет (без национални програми)		Бюджет	81286524	2018
Ефикасно управление и участие в мрежи	Средства от ЕС и други международни проекти		Външен източник	102358625	2018
Ранно детско развитие	Средства в лв. от националния бюджет (без национални програми)		Бюджет	792424130	2019
Ранно детско развитие	Средства от ЕС и други международни проекти		Външен източник	4259278	2019
Компетентности и таланти	Средства в лв. от националния бюджет (без национални програми)		Бюджет	59370796	2019
Компетентности и таланти	Средства от ЕС и други международни проекти		Външен източник	1900853	2019
Мотивирани и креативни учители	Средства в лв. от националния бюджет (без национални програми)		Бюджет	1705932605	2019
Мотивирани и креативни учители	Средства от ЕС и други международни проекти		Външен източник	15549250	2019
Сплотени училищни общности и системна работа с родителите	Средства в лв. от националния бюджет (без национални програми)		Бюджет	262201	2019
Сплотени училищни общности и системна работа с родителите	Средства от ЕС и други международни проекти		Външен източник	5591	2019
Ефективно включване, трайно приобщаване и образователна интеграция	Средства в лв. от националния бюджет (без национални програми)		Бюджет	390259732	2019
Ефективно включване, трайно приобщаване и образователна интеграция	Средства от ЕС и други международни проекти		Външен източник	89958207	2019
Образователни иновации, дигитална трансформация и устойчиво развитие	Средства в лв. от националния бюджет (без национални програми)		Бюджет	63453087	2019
Образователни иновации, дигитална трансформация и устойчиво развитие	Средства от ЕС и други международни проекти		Външен източник	4880048	2019
Реализация в професиите на настоящето и бъдещето	Средства в лв. от националния бюджет (без национални програми)		Бюджет	68797839	2019
Реализация в професиите на настоящето и бъдещето	Средства от ЕС и други международни проекти		Външен източник	12860936	2019
Учене през целия живот	Средства в лв. от националния бюджет (без национални програми)		Бюджет	935450	2019
Учене през целия живот	Средства от ЕС и други международни проекти		Външен източник	7699405	2019
Ефикасно управление и участие в мрежи	Средства в лв. от националния бюджет (без национални програми)		Бюджет	86268594	2019
Ефикасно управление и участие в мрежи	Средства от ЕС и други международни проекти		Външен източник	77525285	2019
Ранно детско развитие	Средства в лв. от националния бюджет (без национални програми)		Бюджет	843126691	2020
Ранно детско развитие	Средства от ЕС и други международни проекти		Външен източник	16501841	2020
Компетентности и таланти	Средства в лв. от националния бюджет (без национални програми)		Бюджет	38658782	2020
Компетентности и таланти	Средства от ЕС и други международни проекти		Външен източник	542585	2020
Мотивирани и креативни учители	Средства в лв. от националния бюджет (без национални програми)		Бюджет	1987640648	2020
Мотивирани и креативни учители	Средства от ЕС и други международни проекти		Външен източник	37989174	2020
Сплотени училищни общности и системна работа с родителите	Средства в лв. от националния бюджет (без национални програми)		Бюджет	168298	2020
Сплотени училищни общности и системна работа с родителите	Средства от ЕС и други международни проекти		Външен източник	98345	2020
Ефективно включване, трайно приобщаване и образователна интеграция	Средства в лв. от националния бюджет (без национални програми)		Бюджет	398873775	2020
Ефективно включване, трайно приобщаване и образователна интеграция	Средства от ЕС и други международни проекти		Външен източник	63286077	2020
Образователни иновации, дигитална трансформация и устойчиво развитие	Средства в лв. от националния бюджет (без национални програми)		Бюджет	40135780	2020
Образователни иновации, дигитална трансформация и устойчиво развитие	Средства от ЕС и други международни проекти		Външен източник	6908764	2020
Реализация в професиите на настоящето и бъдещето	Средства в лв. от националния бюджет (без национални програми)		Бюджет	75152700	2020
Реализация в професиите на настоящето и бъдещето	Средства от ЕС и други международни проекти		Външен източник	7218896	2020
Учене през целия живот	Средства в лв. от националния бюджет (без национални програми)		Бюджет	808512	2020
Учене през целия живот	Средства от ЕС и други международни проекти		Външен източник	12775645	2020
Ефикасно управление и участие в мрежи	Средства в лв. от националния бюджет (без национални програми)		Бюджет	83548230	2020
Ефикасно управление и участие в мрежи	Средства от ЕС и други международни проекти		Външен източник	69467050	2020
